0,1,2,3,4,5,6,7,8,9,10,11,12,13,14,15,16,17,18,delay
0,0,0,0,0,0,0,0,0,0,0,-85,0,0,0,-85,0,0,37,800
0,0,0,0,0,0,0,0,0,0,183,-72,0,0,0,-85,0,0,0,800
0,0,0,0,0,0,0,0,0,0,190,-49,0,0,0,-85,0,0,0,500
0,0,0,0,0,0,0,0,0,0,190,-88,0,0,0,-85,0,0,0,500
0,0,0,0,0,0,0,0,0,0,190,-49,0,0,0,-85,0,0,0,800
0,0,0,0,6,14,3,0,6,-11,0,-85,0,0,0,-85,0,0,0,800
0,0,-15,21,6,14,3,0,6,-11,0,-85,0,0,0,-85,0,0,0,500
14,3,0,6,-11,0,3,0,6,6,0,-85,0,0,0,-85,0,0,0,500
14,3,0,6,-11,0,3,-15,21,6,0,-85,0,0,0,-85,0,0,0,500
0,0,0,0,6,14,3,0,6,-11,0,-85,0,0,0,-85,0,0,0,800
0,0,-15,21,6,14,3,0,6,-11,0,-85,0,0,0,-85,0,0,0,500
14,3,0,6,-11,0,3,0,6,6,0,-85,0,0,0,-85,0,0,0,500
14,3,0,6,-11,0,3,-15,21,6,0,-85,0,0,0,-85,0,0,0,500
0,0,0,0,6,14,3,0,6,-11,0,-85,0,0,0,-85,0,0,0,800
0,0,-15,21,6,14,3,0,6,-11,0,-85,0,0,0,-85,0,0,0,500
14,3,0,6,-11,0,3,0,6,6,0,-85,0,0,0,-85,0,0,0,500
14,3,0,6,-11,0,3,-15,21,6,0,-85,0,0,0,-85,0,0,0,500
0,0,0,0,6,14,3,0,6,-11,0,-85,0,0,0,-85,0,0,0,800
0,0,-15,21,6,14,3,0,6,-11,0,-85,0,0,0,-85,0,0,0,500
14,3,0,6,-11,0,3,0,6,6,0,-85,0,0,0,-85,0,0,0,500
14,3,0,6,-11,0,3,-15,21,6,0,-85,0,0,0,-85,0,0,0,500
0,0,0,0,6,14,3,0,6,-11,0,0,0,0,0,0,0,0,0,800
0,0,-15,21,6,14,3,0,6,-11,0,0,0,0,0,0,0,0,0,500
14,3,0,6,-11,0,3,0,6,6,0,0,0,0,0,0,0,0,0,500
14,3,0,6,-11,0,3,-15,21,6,0,0,0,0,0,0,0,0,0,500
0,0,0,0,6,14,3,0,6,-11,0,0,0,0,0,0,0,0,0,800
0,0,-15,21,6,14,3,0,6,-11,0,0,0,0,0,0,0,0,0,500
14,3,0,6,-11,0,3,0,6,6,0,0,0,0,0,0,0,0,0,500
14,3,0,6,-11,0,3,-15,21,6,0,0,0,0,0,0,0,0,0,500
